1101, 1216, 1301, 1303, 1326, 1503, 1590, 1605, 2002, 2207, 
2301, 2303, 2308, 2317, 2327, 2330, 2345, 2357, 2379, 2382, 
2395, 2408, 2409, 2412, 2454, 2603, 2609, 2615, 2880, 2881, 
2882, 2883, 2884, 2885, 2886, 2887, 2890, 2891, 2892, 3008, 
3017, 3034, 3037, 3045, 3231, 3661, 3711, 4938, 5871, 5876, 
6415, 6669,1102, 1210, 1319, 1402, 1476, 1477, 1504, 1513, 1519,  
1717, 1722, 1802, 1904, 2014, 2027, 2101, 2105, 2201, 2204, 
2313, 2324, 2352, 2353, 2356, 2360, 2376, 2377, 2383, 2385, 
2404, 2449, 2474, 2492, 2542, 2606, 2610, 2618, 2633, 2637, 
2707, 2727, 2809, 2812, 2834, 2838, 2845, 2851, 2855, 2867, 
2903, 2912, 3004, 3005, 3010, 3023, 3035, 3036, 3044, 3189, 
3293, 3406, 3443, 3481, 3532, 3533, 3583, 3702, 3706, 4147, 
4763, 4919, 4958, 4961, 5269, 5347, 5434, 5483, 5522, 5880, 
5904, 6121, 6147, 6176, 6205, 6213, 6239, 6244, 6269, 6285, 
6409, 6414, 6446, 6472, 6488, 6505, 8046, 8069, 8299, 8464, 
9904, 9910, 9921, 9945