# Spot symbol registry for Latest State Worker
# Source: repository root stock150.txt
# Generated at: 2026-04-15 12:05:29
# Format: one 4-digit symbol per line
# Total symbols: 155

1101
1102
1210
1216
1301
1303
1319
1326
1402
1476
1477
1503
1504
1513
1519
1590
1605
1717
1722
1802
1904
2002
2014
2027
2101
2105
2201
2204
2207
2301
2303
2308
2313
2317
2324
2327
2330
2345
2352
2353
2356
2357
2360
2376
2377
2379
2382
2383
2385
2395
2404
2408
2409
2412
2449
2454
2474
2492
2542
2603
2606
2609
2610
2615
2618
2633
2637
2707
2727
2809
2812
2834
2838
2845
2851
2855
2867
2880
2881
2882
2883
2884
2885
2886
2887
2890
2891
2892
2903
2912
3004
3005
3008
3010
3017
3023
3034
3035
3036
3037
3044
3045
3189
3231
3293
3406
3443
3481
3532
3533
3583
3661
3702
3706
3711
4147
4763
4919
4938
4958
4961
5269
5347
5434
5483
5522
5871
5876
5880
5904
6121
6147
6176
6205
6213
6239
6244
6269
6285
6409
6414
6415
6446
6472
6488
6505
6669
8046
8069
8299
8464
9904
9910
9921
9945
